x = [1 2 3 ; 5 5 5 ; 1 2 1];
y = [2 4 2; 1 1 1; 2 3 4];
